


Attempting to crack with key length of 1

[0.022349960596832027, 0.03309866109849179, 0.06848089198291656, 0.03968937001287909, 0.033112769649684674, 0.046022093991168044, 0.040362549455510696, 0.04647961415127995, 0.029111987632847124, 0.03428377939869355, 0.015352119205164536, 0.039475726237672655, 0.029061599950015417, 0.022007324353576416, 0.03686765977430349, 0.06188413654658946, 0.032159434690508776, 0.03992316886121821, 0.07437221985959976, 0.057065058560564985, 0.015886228643180633, 0.02245073596249544, 0.048821633649297695, 0.0254719814250846, 0.04690891720900609, 0.039300377101418316]

FAIL - highest % found was 0.07437221985959976



Attempting to crack with key length of 2

[0.022021388520499684, 0.03359037718127839, 0.06822075404007627, 0.039455491641708015, 0.0330542533165106, 0.04553021844024235, 0.04018510381857246, 0.04659037315027189, 0.028833789508902478, 0.034122470039544175, 0.015757204416370723, 0.03948773969372413, 0.029003091781987043, 0.02235193105366479, 0.037105414851034156, 0.06155346928574596, 0.03215936987306361, 0.04008835966252414, 0.07399315535095959, 0.05691378080192843, 0.015749142403366695, 0.022577667417777544, 0.049250837441600796, 0.025504178138239336, 0.04727564425561418, 0.03962479391479259]

FAIL - highest % found was 0.07399315535095959

[0.022678533997645883, 0.03260694303358648, 0.06874103097437882, 0.0399232493268192, 0.03317128621873942, 0.046513971524855285, 0.04053999580773634, 0.04636885470581596, 0.02939018687821474, 0.03444508940808462, 0.014947032361050645, 0.03946371273319466, 0.02912010835389155, 0.021662716264370597, 0.036629903739176704, 0.062214805140360215, 0.03215949950821522, 0.03975797739402441, 0.0747512858962576, 0.05721633692900563, 0.01602331543559232, 0.02232380399554975, 0.04839242812686435, 0.02543978458214418, 0.04654218868411293, 0.03897595898031248]

FAIL - highest % found was 0.0747512858962576



Attempting to crack with key length of 3

[0.022063669619372978, 0.03318317864377059, 0.06808356259636605, 0.04025153429875745, 0.033406899053723134, 0.046352450343138736, 0.04046920821114369, 0.04672733319224839, 0.028872025879009583, 0.034126432264111016, 0.015708800677207726, 0.03970130302022554, 0.02878132841551531, 0.022214832058530098, 0.037052937086192825, 0.06242404087432355, 0.03178039120839254, 0.04075944009432536, 0.07451703600689301, 0.05651056625449708, 0.015793451643135715, 0.022232971551228952, 0.04846267799377211, 0.025479940744323852, 0.0454938476887263, 0.03955014058106841]

FAIL - highest % found was 0.07451703600689301

[0.02259589803124849, 0.03303221593382673, 0.06845281284767571, 0.040022009384220965, 0.03271779615924152, 0.04617738112513907, 0.040233638078653315, 0.046237846466405455, 0.02912010835389155, 0.033963382189329074, 0.01505586997533014, 0.039762008416775504, 0.029132201422144826, 0.02202147728921782, 0.0371619987423209, 0.06115464615682291, 0.03247593479417598, 0.039719682677889036, 0.07420306680210903, 0.05694625840468243, 0.016089827310985343, 0.02259589803124849, 0.04866250665118754, 0.025510327480288298, 0.04797320176075074, 0.03898200551443912]

FAIL - highest % found was 0.07420306680210903

[0.022390315870942777, 0.03308058820683984, 0.0689063029071736, 0.038794562956513325, 0.03321361195762589, 0.04553644850771538, 0.04038480143181928, 0.046473661297344364, 0.029343830116577176, 0.03476152469404537, 0.015291684806269046, 0.038963865912059206, 0.029271271707057515, 0.021785662458278916, 0.03638804237411116, 0.06207371934407198, 0.032221980360857154, 0.039290378754897694, 0.07439655589416147, 0.0577383543752721, 0.015775407536400134, 0.022523339621728825, 0.04933971847337106, 0.025425676002515357, 0.04725971073380738, 0.039368983698544]

FAIL - highest % found was 0.07439655589416147



Attempting to crack with key length of 4

[0.021694789541998886, 0.03328791750981546, 0.06722885544062754, 0.039350526850426074, 0.03317504978272962, 0.04618708631962528, 0.03997129934939817, 0.04711421407783036, 0.02908762566612114, 0.03349752900297487, 0.015358072864179815, 0.039705253992695845, 0.029555220535476746, 0.022186570352872886, 0.0371818540942768, 0.06210949781923427, 0.03196575270680996, 0.0398745555833246, 0.07453300977918235, 0.056659598997089625, 0.015438692669241126, 0.022251066196921937, 0.04977466764485364, 0.025524230282411176, 0.04739638339554495, 0.03989067954433686]

FAIL - highest % found was 0.07453300977918235

[0.023113884454763863, 0.032562601783324464, 0.06816459472097261, 0.04021348296489785, 0.03309469678646866, 0.047033973459746206, 0.04019735887389348, 0.04639707186507361, 0.02945871426498331, 0.034618423386381596, 0.014995404634063755, 0.03872200454699366, 0.029192666763411212, 0.02146922717231816, 0.03659362453441687, 0.06272271400699786, 0.03226430609974363, 0.0400844902368629, 0.07473516180525323, 0.057659749431625794, 0.016204711459391476, 0.021880391492929585, 0.04832390074009578, 0.025314822876860318, 0.04582466663441848, 0.039157355004111646]

FAIL - highest % found was 0.07473516180525323

[0.022347990132056305, 0.03389283929118496, 0.06921266063625663, 0.03956045727922088, 0.03293345587642497, 0.04487334526516067, 0.0403989100114481, 0.046066527999484026, 0.028579951305245165, 0.03474741611441655, 0.016156339186378366, 0.03927022364114223, 0.02845095857721021, 0.022517293087602187, 0.03702897499153485, 0.0609974362695303, 0.03235298860026766, 0.04030216546542189, 0.07345329657040585, 0.05716796465599252, 0.01605959464035215, 0.022904271271707057, 0.048727003015205016, 0.0254841258324062, 0.04715490414227898, 0.03935890614166626]

FAIL - highest % found was 0.07345329657040585

[0.022243183540527903, 0.032651284283848496, 0.06931746722778503, 0.039633015688740544, 0.03324787565101017, 0.045993969589964365, 0.040882632741579196, 0.04634063754655831, 0.02932165949144617, 0.034271755429787644, 0.014898660088037537, 0.04020542091939567, 0.029047549944371885, 0.02185620535642303, 0.03666618294393654, 0.06170689627372257, 0.03205469291668682, 0.03943146455118593, 0.07476740998726197, 0.056772924426385464, 0.01584191941179316, 0.022767216498169915, 0.04846095551363292, 0.025564746287428046, 0.04725971073380738, 0.038794562956513325]

FAIL - highest % found was 0.07476740998726197



Attempting to crack with key length of 5

[0.022724753353286775, 0.03309449667946509, 0.06846650744223075, 0.04002781388880491, 0.033406899053723134, 0.04625570638207818, 0.04068285112515242, 0.04543942921062974, 0.02931543570053713, 0.03448519111971057, 0.015116243915711824, 0.03870766192016608, 0.029668148058570407, 0.022543358426298232, 0.037175882536707276, 0.06091846298031865, 0.0323487619796233, 0.03941308663623263, 0.07420060263425744, 0.057572734326974434, 0.015912366095272648, 0.02284568330461247, 0.04864407292076065, 0.024327075208352228, 0.04720299100079612, 0.0395037840997269]

FAIL - highest % found was 0.07420060263425744

[0.022503048442523002, 0.03296348923219558, 0.06911146718263446, 0.040813858572421924, 0.032913101752476547, 0.04600376898348298, 0.039775876490209715, 0.04654795376444861, 0.029244893228930476, 0.03392085134685733, 0.015579808729126987, 0.03965494653888402, 0.029123963277604782, 0.021706926262962178, 0.03645030282875311, 0.06186574759903659, 0.032187522044522375, 0.04037044875089438, 0.0745230825044593, 0.05687738710685169, 0.015730971168284105, 0.022966613255938163, 0.048482832985659724, 0.02612086948635003, 0.04623555139019057, 0.03832471707430138]

FAIL - highest % found was 0.0745230825044593

[0.02151545384002983, 0.032913101752476547, 0.06984712438653243, 0.03879835938366035, 0.03263093186604992, 0.04555028166601163, 0.04110610595479235, 0.04632624885368484, 0.028156523666999222, 0.03479759349396862, 0.015428646289969868, 0.03999758140097349, 0.028660398464189617, 0.022331731011478267, 0.03678286019489877, 0.06271225725831646, 0.03229837449990426, 0.0397557214983221, 0.07346494543035946, 0.056313047333998445, 0.01604337354254215, 0.022069716116939263, 0.04946035009220909, 0.026151101974181454, 0.04699136358597616, 0.039896806441535405]

FAIL - highest % found was 0.07346494543035946

[0.02249319762168699, 0.033155295777486646, 0.0684067318351305, 0.0400786052605059, 0.03290335583996775, 0.04643756928348282, 0.0406026403305452, 0.04763680338607276, 0.029114179179683564, 0.03377002922503275, 0.015227249823642043, 0.039514259800463566, 0.029114179179683564, 0.021253653129094024, 0.036511135745238336, 0.06176559508213242, 0.030988612314824145, 0.0394840270079613, 0.07523934294064295, 0.05665625314924922, 0.016335785548725185, 0.02220094729416507, 0.048805804696160436, 0.025466088884409956, 0.04699183714602439, 0.03984682051798851]

FAIL - highest % found was 0.07523934294064295

[0.022513352816688502, 0.03336692532500252, 0.06657260908999295, 0.03872820719540462, 0.033709563640028216, 0.04586314622593973, 0.039645268567973395, 0.04644764688098357, 0.029728912627229667, 0.03444522825758339, 0.01540864657865565, 0.03950418220296281, 0.028741308072155598, 0.02220094729416507, 0.03741811952030636, 0.0621586213846619, 0.032973899022473045, 0.04059256273304444, 0.07443313514058249, 0.057905875239342944, 0.01540864657865565, 0.022170714501662803, 0.04871510631865363, 0.025294769726897107, 0.04712284591353421, 0.03892975914541973]

FAIL - highest % found was 0.07443313514058249



Attempting to crack with key length of 6

[0.021247263976394617, 0.03346111520926801, 0.06704315963866349, 0.03984617803199787, 0.03308623462687289, 0.04590473196038359, 0.040305709068482215, 0.046436820528944406, 0.028261158743787262, 0.034646221566517116, 0.016301258873181526, 0.0393261823854498, 0.028793247312348082, 0.02200911806319761, 0.03763317330366536, 0.0625687784939475, 0.03163508398534338, 0.04041454536659693, 0.07434728453436204, 0.0568851051479569, 0.01586591368072267, 0.0221905118933888, 0.04936330765602893, 0.02599978232740377, 0.046243333776740475, 0.04018477984835476]

FAIL - highest % found was 0.07434728453436204

[0.02237217626856286, 0.032155468485464134, 0.06856769699608184, 0.03990712523581483, 0.03240942291878295, 0.046993663232235285, 0.040705267740531126, 0.04569970492913462, 0.02950708653799642, 0.034441058385333526, 0.014547961108692498, 0.03942340250568374, 0.029349876650703818, 0.02171915058288589, 0.037077347264547963, 0.06175929956948677, 0.032276399167996905, 0.039060610458085426, 0.07520679146713104, 0.0578653315919315, 0.016688434189522566, 0.022142407971750593, 0.04840855221786872, 0.025431722536641995, 0.047368548348086875, 0.038915493639046096]

FAIL - highest % found was 0.07520679146713104

[0.021997291152711266, 0.033401054515551684, 0.0692811880230252, 0.0383833986359019, 0.033050355536206645, 0.04532481981328303, 0.040487592511972134, 0.0465583127751173, 0.02950708653799642, 0.03423547622502782, 0.01540656895467518, 0.03903642432157887, 0.029301504377690708, 0.0227228752479079, 0.03643641464712427, 0.06154162434092778, 0.03216756155371741, 0.03947177477869685, 0.0744328350989213, 0.057829052387171676, 0.015890291684806268, 0.02249310695109563, 0.04947274222415712, 0.024923813670004354, 0.04700575630048856, 0.03964107773424273]

FAIL - highest % found was 0.0744328350989213

[0.0228800851352005, 0.03290523871716732, 0.0691239781357326, 0.040656895467518016, 0.03372756735839017, 0.046800174140182844, 0.040632709331011464, 0.047017849368741836, 0.029482900401489865, 0.0336066366758574, 0.015116335316596527, 0.04007642819136071, 0.02876940937454651, 0.02242054854157597, 0.0364726938518841, 0.06227930150437769, 0.031925700188651866, 0.041104338992889275, 0.07468678953224012, 0.05613602283171286, 0.015720988729260386, 0.022275431722536643, 0.047562037440139315, 0.024960092874764184, 0.04474435253712572, 0.038915493639046096]

FAIL - highest % found was 0.07468678953224012

[0.022819619793934116, 0.03390896338218933, 0.06833792869926958, 0.040136893532627095, 0.033026169399700094, 0.04536109901804286, 0.039762008416775504, 0.04677598800367629, 0.028733130169786677, 0.03348570599332463, 0.015563778841967784, 0.04010061432786727, 0.028914526193585838, 0.02232380399554975, 0.037246650220093845, 0.06054999274415905, 0.032675470420355054, 0.040378754897692645, 0.07319934213708702, 0.05602718521743337, 0.01549122043244812, 0.023049388090746383, 0.04891646108450636, 0.0255889324239346, 0.0485778551734146, 0.03904851738983215]

FAIL - highest % found was 0.07319934213708702

[0.022783340589174285, 0.03276012189812799, 0.06853141779132202, 0.03920572727712475, 0.03337686837904513, 0.04574807720214773, 0.040282010351666425, 0.04638900981957142, 0.029180573695157936, 0.035287573163062934, 0.015176800657862912, 0.038891307502539545, 0.029241039036424322, 0.02084844966864993, 0.03633967010109805, 0.06260581434721618, 0.032276399167996905, 0.039108982731098536, 0.07436027668940164, 0.05764765636337252, 0.015660523387994, 0.022553572292362017, 0.049206694722585015, 0.025927538335026364, 0.047513665167126205, 0.039096889662845254]

FAIL - highest % found was 0.07436027668940164



Attempting to crack with key length of 7

[0.010073505551714894, 0.02205166551446832, 0.0015801577336023364, 0.015942662847952142, 0.0007759703156082902, 0.07989672540526813, 0.015223126737115365, 0.027638651786848007, 0.04434317639921556, 0.1262292075226795, 0.02755400047969074, 0.019949491386729495, 0.06072320433414693, 0.06395406255731599, 0.0013685294657091664, 0.005629311925958324, 0.03606145684899618, 0.024831050099465287, 0.06918833504987373, 0.07955812017663906, 0.01894778425203516, 0.0010299242370800943, 0.062049408146277456, 0.06072320433414693, 0.0962767533401995, 0.02840051355126342]

STATISTICS MATCH - highest % found was 0.1262292075226795

[0.01711367259696102, 0.0011427926466231182, 0.062289253516556384, 0.05998955967211727, 0.09670000987598583, 0.0277091945428124, 0.009523272055192652, 0.022531356255026173, 0.0016648090407596044, 0.015604057619323071, 0.0006631019060652661, 0.08016478787793281, 0.015462972107394292, 0.028160668180984495, 0.04511914671482385, 0.12790812511463198, 0.028866095740628393, 0.01920173817350696, 0.06231747061894214, 0.06399638821089462, 0.0011851183002017523, 0.005671637579536958, 0.036780992959832955, 0.024845158650658165, 0.0679185654425147, 0.07747005460009311]

STATISTICS MATCH - highest % found was 0.12790812511463198

[0.023984537027892605, 0.06842647328545831, 0.07697625530834239, 0.01852452771624882, 0.0012979867097447763, 0.06300878962739316, 0.06027173069597483, 0.09684109538791462, 0.027384697865376204, 0.010002962795750504, 0.02176949449061076, 0.0014390722216735563, 0.01646467924208863, 0.0006066677012937542, 0.08163207720199213, 0.015604057619323071, 0.028541599063192202, 0.04435728495040844, 0.12786579946105334, 0.027384697865376204, 0.01893367570084228, 0.060864289846075705, 0.06473003287292428, 0.0013685294657091664, 0.006221871076059199, 0.03549711480128106]

STATISTICS MATCH - highest % found was 0.12786579946105334

[0.035807502927524375, 0.02415383964220714, 0.0700348481214464, 0.07776633417514356, 0.017551037683940236, 0.0011286840954302403, 0.06374243428942282, 0.05929824066366625, 0.0950493093864191, 0.027666868889233764, 0.010158156858872162, 0.023307326570634463, 0.0015660491824094583, 0.015843902989601998, 0.0007477532132225342, 0.07984029120049663, 0.01604142270630229, 0.02832997079529903, 0.04432906784802269, 0.12672300681443022, 0.0278361715035483, 0.02035863937132296, 0.06183777987838429, 0.0643914276442952, 0.0012838781585518984, 0.0052060553901719835]

STATISTICS MATCH - highest % found was 0.12672300681443022

[0.023857560067156704, 0.06872275286050876, 0.07683516979641361, 0.018595070472213208, 0.0009734900323085823, 0.06271251005234273, 0.05893141833265142, 0.09521861200073364, 0.02793493136189845, 0.009495054952806897, 0.022489030601447538, 0.0017071346943382385, 0.015702817477673218, 0.0004655821893649741, 0.082224636352093, 0.015209018185922487, 0.02732826366060469, 0.04638891632218287, 0.12786579946105334, 0.027455240621340596, 0.020443290678480226, 0.061809562775998535, 0.06398227965970174, 0.0012274439537803862, 0.005601094823572567, 0.036823318613411586]

STATISTICS MATCH - highest % found was 0.12786579946105334

[0.01788964291256931, 0.0012133354025875083, 0.06337561195840799, 0.05881854992310839, 0.09497876663045472, 0.026806247266468207, 0.009904202937400358, 0.022362053640711636, 0.0012697696073590203, 0.0159708799503379, 0.0004514736381720961, 0.08003781091719692, 0.015858011540794876, 0.02818888528337025, 0.04585279137685351, 0.12666657260965872, 0.028993072701364298, 0.019794297323607837, 0.06155560885452673, 0.06484290128246731, 0.0013403123633234104, 0.006151328320094809, 0.03651293048716827, 0.024929809957815432, 0.06997841391667489, 0.07625671919750561]

STATISTICS MATCH - highest % found was 0.12666657260965872

[0.027723303094005277, 0.04597976833758941, 0.1282749474456468, 0.02818888528337025, 0.019512126299750278, 0.06089250694846146, 0.06494166114081745, 0.0014672893240593122, 0.006137219768901932, 0.0350174240607232, 0.02437957646129319, 0.06972445999520309, 0.07765346576560053, 0.01683150157310346, 0.0011286840954302403, 0.06233157917013502, 0.05928413211247337, 0.09655892436405705, 0.02748345772372635, 0.009495054952806897, 0.022517247703833294, 0.0012697696073590203, 0.015858011540794876, 0.0008182959691869242, 0.08108184370546989, 0.015448863556201413]

STATISTICS MATCH - highest % found was 0.1282749474456468

KEY LENGTH FOUND:7
Passing key length to function crack()